11871
8504
1696
3823
6433
7523
4506
7961
3470
5554
8098
11511
7053
4004
6980
11879
8278
6410
5940
11777
5093
8382
11859
4995
8605
7124
2829
11265
9312
9980
4011
8310
8577
6378
4139
9708
5492
6453
4173
2347
5311
4531
1342
6104
11900
6154
9003
9287
2842
10444
6535
10906
7796
326
5684
2278
11074
5687
7097
8347
9114
7328
9965
8893
4250
620
10478
7848
2043
6541
3854
9845
10708
8576
5455
10480
6439
9083
2503
4868
159
9388
1239
10292
10671
12007
8129
10703
6074
7030
6696
950
6878
5326
473
4348
8981
8360
12228
5388
7443
840
5669
11106
4667
8303
9142
11031
9542
1519
2092
1194
532
5718
6231
5405
5170
7567
9985
1531
6342
5446
7076
4745
11042
3578
7351
2264
540
3248
3929
1236
6972
7032
4027
11240
4754
4478
2923
5935
2654
11533
10085
9760
10837
713
1794
3715
12002
9343
9854
5180
1108
5051
10790
5104
3131
2499
11150
12156
6789
2154
2076
5246
9021
12126
2303
77
850
8878
6383
9417
10106
8451
4289
2057
3499
1369
6557
8318
4951
7827
6128
2115
5651
8527
2545
1756
4344
1869
10372
544
4897
11287
3063
8934
5157
7221
5208
5495
974
6369
10459
4353
3350
9427
11986
6300
2207
3064
8159
9653
8811
5938
11463
309
6394
6271
7237
3815
4170
8054
10915
6259
6899
11298
2197
9855
2911
2382
5816
3120
4393
10513
11869
7292
7661
2691
6794
1245
4538
1553
8768
12015
10375
10487
6648
6904
3052
10786
3159
3054
10682
9725
480
10647
6808
10942
4125
2399
11968
4616
3399
5756
6782
761
9156
7481
11276
7266
1427
3824
11660
7148
4761
1720
7510
10678
4307
8414
4431
7120
11434
332
7839
1035
8350
2496
11224
210
11767
8824
2979
9464
10539
12154
11455
1952
5110
8128
11383
9386
4371
4737
4890
5947
11655
11983
7529
9131
5088
11933
5368
6550
1135
5983
10090
7285
7345
5423
12178
1286
2966
6621
1168
9353
4412
2490
6160
4976
1848
4499
11137
9702
8823
4988
11125
9119
35
7200
1391
96
11912
8498
1366
9403
4877
6092
7549
10275
6633
2119
6512
3476
6970
881
7956
5356
3008
3439
11010
2159
5533
6853
7660
409
735
1205
9229
11895
7883
1024
4219
5082
11400
3645
9112
9735
8104
8633
5168
3401
10688
7768
164
3541
11878
2547
1449
4144
3467
12220
609
2862
5689
3431
3342
12214
11826
11630
5971
12273
8548
2629
6290
7277
4647
11161
853
9440
9574
9886
7617
248
9937
1469
38
5300
471
8716
2200
9337
11688
7869
11411
1373
5600
10660
5290
10551
10722
10873
397
2891
370
11570
10099
892
10143
9920
11707
2174
11362
3730
6519
7579
2970
8454
608
6984
2947
7159
4638
8051
8741
9453
786
6348
5916
4901
2515
11987
9432
11027
10096
3769
7348
2029
4483
5358
930
7410
4164
11386
1842
4140
11561
10175
11279
11940
9423
10575
132
5310
1347
5794
7279
2186
8002
3091
10010
8206
8365
3726
7778
10465
368
9151
3517
2001
5678
2509
3674
9266
7887
9645
11716
3174
4731
1026
8570
3680
6275
3099
10714
8341
6310
6229
3502
811
6581
11926
4998
220
7812
8690
3780
5123
11811
9264
11710
8429
10490
6417
9301
11160
2794
9512
4856
10656
5121
7621
9554
8235
2325
4775
7122
440
8988
1606
11842
2020
4644
957
10695
9202
5611
3449
9939
1778
63
1116
8611
5149
9983
10222
10429
4537
6451
3416
9942
2080
6996
5447
10460
3945
4337
2397
7352
9922
6449
2090
3589
3782
3880
10191
3406
10374
1984
8531
5871
6931
7116
10650
7735
5960
9660
664
1568
3976
9693
7363
10901
8860
1704
6273
7024
3892
9972
4201
5765
886
10829
9361
3949
11997
3258
3710
4298
3610
1270
9606
2337
10977
11129
4676
9283
2491
8571
5419
10547
8609
9572
3608
3718
12054
1729
7830
6991
955
4383
10409
5171
8055
10530
2396
6792
8223
4845
6119
6253
1088
8892
10658
3916
54
4601
11568
787
4035
7939
4258
1415
9207
7938
1585
10802
979
6325
2540
8665
11168
8305
4893
4945
10533
4771
5640
10055
1661
9510
8035
3139
10278
4787
6781
1713
4792
2507
6115
10604
11624
9844
12043
9244
10153
501
3514
2624
7294
4370
890
4580
6625
11216
9313
8593
9371
4791
10630
8038
7563
7819
5954
833
11017
2209
9668
3367
4322
10059
3129
8849
10865
7219
3713
11608
8457
736
8022
7007
1802
5143
79
1847
4986
1110
10747
9945
7972
12238
5710
5581
4687
9528
6582
6718
10098
3547
8997
5504
4291
3447
3313
11269
3788
11354
6748
4841
11045
449
1319
6305
1025
1933
8909
6463
7137
1614
8146
10502
8169
8764
10499
6228
10383
827
10454
1488
7513
2918
1443
11172
8196
4672
1870
1078
5220
3820
7524
6753
1037
10436
11621
7397
1536
7295
1048
1297
11853
5980
3592
7117
6316
2839
10009
9360
5092
6238
984
9843
1931
5374
165
3080
7685
3423
9069
6009
4970
2559
1893
11739
2893
6184
7498
1577
10614
3497
7824
7096
7418
9600
8736
8959
2486
2481
6239
10043
1133
12003
318
1810
4915
2816
4654
3001
11810
9936
10343
5467
5905
2417
2037
1719
8386
5147
5620
3902
6034
6630
4684
10643
6266
11078
5879
4389
7054
10854
3634
12281
1827
6016
5044
3649
7823
11443
6955
3605
2432
4406
10298
9252
5933
8581
3375
4126
8810
4758
4721
9320
9158
1063
10031
8458
4207
116
5889
9456
10316
7224
5198
11191
11451
7884
1527
81
2642
8621
745
1216
10825
1021
11296
10616
10418
4427
8477
5229
6861
11623
1317
6088
10770
3143
3938
10004
8897
2203
2726
9555
11776
742
2671
530
9302
250
9889
1480
2097
11798
1859
1885
5354
2678
4066
4867
4930
5337
6689
8520
2260
4858
10588
11428
36
5077
8600
9260
8487
5120
11065
5360
4297
3986
6301
8903
6335
7936
7058
1905
10725
774
10199
10893
1375
1494
11536
10361
7102
3043
7252
4874
9148
10406
11616
11390
6835
8972
3134
10403
2370
312
8829
10517
9713
7178
3613
5705
3408
11679
3327
8703
10434
6885
1839
4972
9815
10869
7521
6107
4857
1425
5825
539
11816
6865
2501
6396
11239
7612
6514
3980
1929
10293
1106
3675
3415
2172
3255
929
9676
1101
8956
6322
1841
3957
8109
2843
8072
5602
3211
581
5430
6921
4675
5096
4357
4573
10058
1564
11783
1173
1096
5463
7164
6740
1087
8842
11396
5442
329
909
384
810
45
2827
10709
193
10992
2329
2575
11882
6863
12289
2787
7056
9087
9390
11622
6685
10011
6836
9273
1858
7681
2892
7925
7334
6170
11261
331
10954
476
824
1384
1304
11311
8551
1843
2850
9527
1624
11484
9971
10843
7520
11499
7000
3388
7382
11705
5906
11016
11005
7955
6094
3853
6135
6798
12037
10470
1256
5136
10170
4305
8651
2060
11583
5127
1708
153
4574
627
2847
8985
6075
6366
6208
12071
9757
5242
705
274
6998
6337
1146
430
8069
1172
3936
6823
3108
3365
4651
8136
6421
1789
5665
11247
10178
4843
10939
4797
12218
7767
4077
7293
996
364
319
6376
671
3768
4655
604
2004
3755
4730
10518
10535
8704
9030
9358
7225
8224
8644
141
9307
11442
5939
2817
6223
2905
4091
8413
807
10679
2648
12027
9326
11771
8082
2730
3785
9467
3728
3757
5872
6747
2815
7317
6232
655
5437
7885
4965
7598
9885
4572
9059
6857
7055
7188
2153
7941
6920
2051
5556
3264
10524
8380
499
6796
7303
2609
8518
4178
7379
3197
6052
6522
10921
8850
4822
2680
9726
11358
22
4894
6638
3347
11840
2899
5313
6200
7743
1782
10811
2573
10187
6264
10750
1468
10093
5296
526
4054
7197
214
5530
3338
3584
6126
1065
733
3010
5842
11907
10859
11628
3312
6491
8238
4381
1953
6029
2406
5864
1987
8654
2056
2729
11179
9782
9523
4931
3774
285
11039
9349
2334
8364
4261
3643
11930
10744
7046
11711
10968
6475
2233
3750
9168
1854
8659
858
12120
2916
1490
8942
2158
5897
1382
10391
2696
170
9829
2302
1689
1537
10967
8549
6125
1187
7335
2259
8759
11765
1157
946
5234
8795
4257
8355
9111
9533
11774
11757
3846
7091
7864
3070
8175
1487
2017
9217
4619
5729
536
7272
5218
8073
1732
1512
8694
7458
4057
1767
10177
9017
2326
865
6969
90
607
11633
10302
488
2554
12164
11409
10412
4363
4624
7977
7899
9953
1073
1465
4074
9548
7897
1817
1744
7934
6409
9769
10512
5859
3235
10805
10297
2917
8573
10875
5499
12160
10417
1824
9418
5606
6434
6102
2257
4515
8362
11176
5239
7306
5542
8949
4640
8516
4911
3970
1283
11237
889
8528
11124
9908
9196
2571
7389
2053
8034
4187
6180
921
592
547
10964
6568
218
10715
10700
8243
9234
5792
11553
1589
754
8806
8324
8578
7527
1091
9771
8014
7282
6830
374
7679
8096
10466
423
5894
4221
8623
1274
10752
8958
6488
11824
6902
5069
5451
6050
1736
9755
7763
9019
9925
7845
4488
11948
7645
826
7570
292
652
2164
9269
4838
9079
6871
8241
6858
8505
4210
2012
836
9122
2045
3690
804
10049
1044
8327
11060
5704
1137
9485
9863
9984
9801
9476
5706
5338
7577
2598
9074
4402
10981
3180
10334
3762
1832
9125
7780
11712
5449
5273
10273
9556
568
683
4610
3704
6044
2075
3303
4494
7080
8139
11515
358
4123
6672
696
1281
9549
9395
9280
9431
734
8885
5138
4168
4567
10645
86
5592
9963
9930
2875
11837
8933
6234
7673
4356
1218
10115
9779
2403
1977
3484
6515
11158
7109
11547
6640
9394
10131
8753
10067
3700
3657
5154
2525
11489
4798
426
10778
10388
3116
11435
7461
8236
5942
5403
8572
7581
8492
377
2758
9698
6765
3629
7232
868
4994
901
3062
10279
272
6393
8215
8209
5590
1546
11669
11887
11088
3971
117
8869
1764
2519
2528
1882
5776
5109
7330
3628
11850
4083
9738
847
106
395
2480
1899
8089
1658
10496
458
178
5207
1114
1679
3564
10850
8569
11652
1128
11559
4176
10951
8008
1565
10133
11286
8582
10788
9137
2858
783
11947
11322
7203
10581
9430
2263
8616
2565
489
5936
2915
5067
7508
6506
439
7459
4199
11747
10118
71
5899
115
2681
4968
10545
10674
10491
9776
6913
413
12107
7586
3339
6347
4100
11576
1976
1715
7304
4131
714
3540
3759
5098
6976
7210
5009
9501
6465
448
3462
8410
12040
7261
6967
12188
6080
2247
9562
168
3830
3122
9789
8256
4110
7047
10622
5852
3911
10809
11627
7856
1457
3061
2927
5607
12119
6893
7002
11063
9300
933
2550
1881
9734
2942
6676
4778
8198
3638
6968
12097
8012
10150
7278
660
6709
4713
5257
9859
362
10827
2331
10913
2664
6791
632
3560
9308
2470
7048
2321
5711
5190
9147
7037
940
2386
5873
3856
6977
9438
80
7950
10998
4643
7931
7914
2293
3668
3076
8874
9674
228
9150
7463
12172
8319
10727
7347
4080
10075
2253
3307
6589
4034
8023
8333
10723
8376
11378
6620
12142
9825
2531
6319
2162
6956
7332
3591
7799
10155
2653
3833
6179
6583
6365
3366
3882
1594
8790
7428
3950
11019
2214
10220
4095
9873
4725
988
3899
1683
1237
9571
400
5057
8891
50
569
5652
8186
11313
3372
9613
3175
9443
3214
9437
7721
3436
3624
1593
4335
11832
3225
5238
8269
3572
3894
10228
3672
5443
3394
4612
2612
11458
314
3789
11320
5921
12023
10985
4396
5520
590
2192
11101
9186
1043
4907
2579
2921
4849
874
10927
10087
8940
2997
5339
878
11076
8590
4246
11285
5881
11819
9996
3298
9828
7174
6847
2689
8475
10124
4277
4096
3011
5485
5364
10631
10469
5378
5167
5708
6360
9785
4583
11242
11249
8387
8614
785
8887
5199
5720
772
677
12195
3112
56
1710
2146
6354
5481
1235
4927
369
6191
9521
8900
5156
5646
10689
7380
5755
6267
9564
9099
11032
7111
4133
3506
2602
8020
12089
7167
2549
7214
9398
531
5203
270
5043
576
12146
3446
1533
240
8114
1657
8248
8227
588
11184
4979
2863
5768
3596
1769
2720
9813
7838
6134
4848
2089
5328
3511
9035
2071
4896
8827
10048
8848
5975
545
6945
3194
7643
348
6587
2888
9434
8251
1792
10137
7794
5163
4230
10599
7687
4240
2282
2379
10617
3928
10975
5429
4805
393
11995
9379
6507
6693
4812
271
11904
2568
5691
11348
9303
605
2736
305
9497
10928
3978
6008
11643
6571
2583
7726
4925
6978
3321
2180
3302
12075
2878
8261
5433
9754
684
1550
3036
8264
7785
9484
4770
11188
402
5045
256
4913
4987
1652
1907
3526
7090
407
10946
2641
5020
2116
7324
3557
10432
7674
1388
11886
4977
1314
3323
9869
1183
6339
10277
2544
8134
11243
10353
8177
7627
11339
8331
7800
7647
6066
2950
11419
2962
12028
11870
11421
10578
4347
4017
5027
8684
4802
8392
8445
12098
10020
10217
3883
9608
5944
147
2104
10410
5742
806
11482
6462
360
6768
944
3007
9647
1646
11368
10611
6925
3791
1620
8698
1640
1671
11300
9520
10214
174
10423
3536
7426
7140
2343
7849
8031
8894
1760
275
3287
7145
9827
10492
9323
3751
510
12272
6256
7445
1912
4185
8260
1467
12229
4455
6547
94
3140
6520
2231
380
3444
856
1714
5039
10607
3739
10543
5215
9741
12201
6197
5677
8110
3376
2369
7967
7749
5784
4680
3369
10349
9490
4529
8203
2008
7926
5507
10878
9701
5829
10381
873
9380
12256
8091
12101
9588
7172
8588
2978
5621
4996
12269
4235
8545
3685
2439
2169
7346
11448
3233
7820
11872
1018
84
5225
10441
7821
3661
9899
5514
751
7623
11563
6043
8452
6896
2299
6246
11601
4360
7490
2885
3703
9664
2086
9439
3819
4826
5276
9700
5823
2618
4477
3022
1505
349
9993
3209
3942
3731
7861
436
8165
7792
1093
8947
5130
5633
10753
2517
12243
8691
9406
6584
2003
4245
7618
6910
10882
11598
455
9744
4129
8541
5610
1269
8687
8213
3679
8066
7403
8564
1619
5963
11154
11618
4484
5025
2584
3250
7084
7201
2963
6079
2453
10007
3153
2310
9180
2510
11098
3237
4722
10972
6205
2244
9167
10983
5546
10736
2301
9085
4514
5161
3590
960
7485
5394
11539
1993
4789
5595
722
9989
3374
10322
5551
11268
1112
4530
330
623
11305
1829
3840
1068
6779
2401
2777
2577
5305
1298
211
304
4568
1975
12250
8402
7035
5966
5267
2912
3206
9132
1914
555
4103
9756
12287
6963
8978
10885
10472
4543
11119
11797
2799
6403
10119
2026
10640
10895
11341
10111
8183
4571
4002
4193
5661
10628
6002
11920
10633
4441
342
9870
1268
5725
11454
2468
4840
8769
9293
6762
11183
2685
2184
10636
10076
9095
5618
6036
6525
4969
11009
99
6558
11321
710
9867
6595
11029
1702
2444
7741
11090
8028
2133
9118
3984
6880
10504
5951
1109
8352
11397
11299
3421
11244
9978
2085
11680
7605
7189
1131
6226
10532
879
42
5915
768
8557
11535
12102
1669
10584
3487
1196
8439
1430
7183
2193
9974
7653
2285
8418
9973
4266
6011
2971
5362
9991
7516
7875
11159
4053
8500
2500
739
3841
7833
10336
6914
4563
8010
4767
6503
11180
9357
11002
3397
9683
6526
3392
11115
5393
11753
5334
4032
10591
2095
2469
226
6876
2682
5384
11478
2748
3247
7831
346
5503
4399
10114
6022
4855
3959
12100
5089
1495
7898
5549
9372
3891
11756
862
8029
8132
7107
521
5108
9805
7761
3890
1978
10027
7588
7583
9934
5622
1692
8583
11889
3614
5578
6841
2199
2812
5330
11976
11226
2529
2497
5357
8935
10933
9791
5735
10572
9646
9893
6368
11546
1628
12252
4811
1423
7798
9956
10294
5949
4928
9295
12092
8026
690
11460
10570
5037
5033
8409
7375
1059
8211
3283
2663
10929
323
8322
3806
5727
8771
3790
8992
11415
2360
10803
11841
9108
2728
11931
11908
2704
5819
5066
2240
9968
4748
12135
2336
9797
7454
3380
7073
2543
11023
107
4060
4436
5545
5584
744
9068
7738
8284
883
496
9198
10440
7695
418
4578
1994
404
7449
9391
2675
11833
1039
10338
6484
5023
1521
1181
7143
1980
1003
11110
4288
5118
9369
6962
2383
9181
11557
9018
4660
6629
779
11363
2102
12191
596
1529
3923
7795
9783
5977
5351
3917
1191
11780
4265
6101
5737
8640
7543
3049
2572
7566
3784
3417
11132
1942
813
4864
5038
4942
5470
11729
4777
7765
1288
9831
1001
4259
4113
6637
3270
1616
5303
9001
8882
1863
6605
6882
7692
2766
4198
6420
1162
11121
6152
9659
9230
597
999
4813
3994
9820
4920
11839
8228
1213
9007
9194
1220
7538
8388
2219
5532
5987
11175
6040
1130
12108
9200
4593
7415
9618
1806
8886
3065
4517
25
7863
11656
6543
6318
9075
10169
1754
11185
7534
10024
5709
394
8424
815
5984
8478
636
7158
11048
10339
1653
8800
7771
10404
11873
6243
3014
11691
9657
11953
11356
7438
4026
5731
6429
1700
7001
2489
1928
3310
3317
9356
2191
2038
2091
1892
6569
2316
6457
9333
2909
4807
8776
3344
6778
10246
8567
10145
4906
2122
5740
2561
4149
10219
964
10507
11725
10493
4300
6602
9057
4626
646
1968
12148
1741
7112
7548
659
7662
3191
10296
10117
9876
10112
2958
9475
6161
1680
8317
3266
7280
3403
139
7371
503
8216
9795
8566
3363
5539
11733
3420
4917
7491
11353
8097
2030
11094
10926
952
4232
3496
7309
1740
7981
2788
5655
4863
6517
12132
3513
3407
11512
7412
9424
1781
2713
7186
11861
11772
7228
9913
11962
1240
1376
7223
1095
11825
11957
10081
3438
7093
1962
5080
3611
8671
5993
2081
1126
7484
10949
4695
6805
5900
2474
1617
4444
6536
6567
9634
10586
438
2562
11369
2404
9392
7723
2895
9914
6133
8335
860
11678
3697
2424
5397
10326
1163
100
4577
2908
10963
7381
7965
8602
8065
9339
3860
6051
4327
2652
8612
3523
10382
3793
10453
9328
7175
7262
2492
4049
912
1541
8004
7713
9714
4421
5041
3811
7360
8603
5910
8669
3058
653
10903
6399
5555
2062
10198
8752
1706
6843
8905
2315
5471
5865
7512
621
5537
3678
11050
5490
1027
9429
2739
10231
11625
12106
4048
5245
7473
6682
11910
8450
7338
5642
4294
2464
4833
5100
3272
1886
3907
5270
5282
6438
6207
9557
2665
10247
5312
9322
12016
3926
1280
5878
4368
2783
5440
11666
6708
9540
2013
179
5263
6721
8025
1600
7385
3348
7962
1618
11925
69
10555
12073
11405
6615
8099
10934
9835
9793
2738
9604
11550
3486
10188
6458
5501
3939
8061
2770
673
1473
10351
7475
443
12069
7740
644
12282
7802
6413
2662
665
9089
11084
9898
7528
5095
10438
9635
9842
9213
799
3017
6750
5767
11164
9952
7730
6183
3719
11111
6549
4814
10194
10181
11751
9037
9532
10113
9450
8957
6287
5857
2922
11594
4448
1611
10319
6661
7810
11283
923
2941
102
1777
2387
2223
5867
3734
3545
8977
7499
9773
2957
3660
1774
8118
9507
3927
3796
2254
10015
9482
4585
7326
8125
2790
2355
3798
6667
8938
4645
3667
3309
7982
4224
7391
8599
3276
7889
243
2351
1005
4116
4331
2570
3563
5976
1422
8343
9098
10176
7177
7258
10795
2344
4875
2339
2394
9376
9716
5387
6894
1192
3000
8405
9663
1212
3282
9833
2898
11327
10948
10284
10824
10243
11599
5361
11530
10987
6285
335
12291
4817
9487
1966
9772
3665
3885
9041
11634
3285
6303
6586
4794
8989
6619
359
7596
8607
11744
7979
4172
4544
9177
11230
2237
3242
7708
7374
837
4884
10852
8735
6528
3253
6651
2333
9
5506
961
7009
4500
11993
9223
10395
9317
8781
3574
7255
8943
7558
7349
4870
2821
7094
6067
6801
7356
10898
2760
1825
9197
2604
3477
4397
8951
9900
5962
8442
7620
5426
1799
1450
10091
7850
344
2073
5472
4414
12261
7511
11351
382
7907
6859
2588
1243
7217
12149
11446
3878
8298
564
5422
706
9449
5202
6046
3921
548
1144
23
6150
10561
7134
7832
11937
4016
2014
11589
9856
1182
11049
10197
3111
1556
3652
8754
3028
5200
11513
1765
5135
3035
654
11610
3786
7551
8761
9465
7149
6964
5830
4729
5817
11153
3580
7015
5623
4350
2896
2823
2732
2266
8366
5810
9138
6922
1367
10876
5898
4558
126
11580
1359
10097
1411
12131
7340
5464
76
8995
1149
5989
11069
8681
5294
3357
10756
1523
7259
11532
6090
9826
10654
4098
5186
2651
11200
707
6918
365
4234
817
2452
2065
5435
8642
9830
10855
3716
6777
7640
7300
4063
5512
5750
11793
196
3831
1716
1123
1988
7665
1990
1552
3400
258
268
11946
10369
10644
5342
5475
1660
4923
4835
2757
6548
7680
57
5790
8772
8356
10516
10084
3829
9752
4215
1315
9567
10595
3648
41
8999
3889
108
2409
3190
406
10845
7059
6214
7930
10690
19
7754
6476
5561
2755
4869
9888
5032
2477
8615
10771
5860
7407
2155
8300
1153
5593
11742
4926
7040
7392
3850
1753
3539
6064
10291
8201
5538
10283
3133
10899
4367
669
9056
11470
7427
4523
8202
2479
808
1267
6601
5574
2281
7008
10428
9871
3244
3305
2459
3013
4094
6635
11661
2989
6563
11099
1161
10092
9970
7797
10314
52
1904
1198
2700
5101
11963
1260
551
6642
11075
6734
7133
11518
10269
561
7984
2413
7993
7927
12083
6450
2
5968
1862
4997
10461
10826
6055
4153
2965
7322
3773
7416
5285
311
5985
4302
8053
10221
802
3861
10422
5715
12174
905
11332
10357
1878
10950
1699
4281
11923
3075
9365
2313
11664
8812
1103
6831
6745
7611
1244
12013
4031
6537
8070
194
4312
2171
11203
11441
10037
8758
11992
11056
6411
8205
1539
8059
10295
5115
2245
997
1580
10122
8187
7108
7487
1560
8536
8042
9121
4248
8394
7699
5396
8840
8717
10208
9552
6045
8446
9348
5064
11975
11500
7003
6881
638
8225
3787
6617
7113
7355
8656
6308
1454
8345
5526
8628
5961
3204
4662
4416
8706
8056
10074
3524
3138
11730
2596
4262
777
1287
1006
1148
4489
4712
1331
7014
3072
975
11864
1498
9335
7587
5540
11914
2120
2581
8258
1909
43
8470
10344
5789
1259
11127
1320
8961
1517
5061
10397
7762
4629
11030
5698
7634
3066
11
9919
9719
12239
5982
4401
11529
5950
8233
4338
11208
5896
324
8964
6551
5833
2976
2831
6293
12251
7825
3
1231
5217
3963
8485
7650
12000
2445
1967
3024
9661
4492
478
12177
10130
11195
2475
1295
9480
468
7590
11471
1734
11481
1960
7540
10677
12266
3732
10525
236
3650
2400
6924
2275
6015
8353
3738
2797
7085
4635
4162
2141
2825
9781
4118
123
7607
366
8554
6654
9584
3171
8281
1678
6832
4408
2430
5483
1312
7128
7017
4292
5901
177
3246
4960
4891
5047
637
11880
7637
9644
8778
6650
31
6982
993
6888
9092
1532
7446
7468
1676
3164
10877
5497
11259
1998
4434
11280
11189
4525
7171
4661
678
4321
10931
4435
11779
5385
2341
4741
8610
10758
6309
9239
3485
2684
4685
3426
1739
1871
1800
10550
1253
7862
5656
10285
6492
6020
2578
4516
10057
9183
6951
2050
7550
642
7136
9237
9024
8675
1463
11569
8357
9522
3053
2960
5288
7757
8027
6698
1471
5753
9821
10333
3113
12065
8184
5728
2587
7966
8112
10008
10835
4889
4000
6299
585
7011
9340
6317
10540
11909
839
5884
2143
5382
4592
6163
8473
2238
9896
5998
1805
2535
6596
832
1911
10449
8685
6927
11218
2356
9594
8936
10203
11631
6276
4727
10256
1249
6469
9104
6612
6934
849
6089
5420
6532
162
238
8469
9377
11611
10625
8154
4433
8729
4474
2894
1360
11821
10940
5014
2083
6870
8624
884
227
11835
4702
7331
1508
3747
2340
11985
5087
5175
3799
2454
4552
7464
11167
9080
3046
11475
625
10086
10287
8966
4369
7271
5576
9946
8453
3162
12022
12090
7715
566
8657
4555
9524
5804
973
3666
11773
3031
716
11764
11326
8630
7628
4622
11331
10108
2087
7683
10163
6508
7770
6758
1036
1673
2533
8157
2036
7469
2956
6775
9139
10935
9454
3621
8601
1579
5187
7400
5148
5424
1803
11314
11903
8277
181
2985
6574
7020
5240
4750
4961
5979
11745
5284
4450
9405
4739
10481
8921
145
3518
6614
7928
9976
10407
5458
4134
8816
8619
3698
7983
8668
6735
1421
10380
4380
7868
1934
10267
12021
10910
8529
9243
5563
1954
4461
5253
5579
1464
9055
4521
1822
10327
5598
1199
5
8969
7804
5681
6177
3039
8765
9513
3529
9090
916
5964
10670
4030
922
5945
3178
9441
7234
5097
7147
2308
1932
11416
9166
5782
10681
9768
2354
11251
10832
6626
1543
223
9743
9235
6671
4138
6646
341
12095
3362
8976
10456
2967
5348
1203
5367
6686
12129
2324
4747
1526
8075
2229
6078
3324
10132
11206
9054
6990
947
10485
1548
4158
8283
5324
2123
8974
7206
5843
10698
5513
8425
3512
2879
1351
5301
2513
2408
457
11523
603
4561
3895
5289
6997
7784
3480
8279
9247
12197
10582
3967
9115
6564
2142
10347
12061
10171
3522
4084
110
5197
1069
2649
4628
9703
8598
5515
7132
7890
11698
11919
3832
3037
6215
8361
5375
9787
1412
575
10032
1346
3671
7906
11342
12211
11151
136
2846
9385
2603
9857
8524
11044
7777
1041
1057
11905
8466
6839
8301
9837
1856
7790
4169
2318
8740
6328
484
10207
10362
9860
4040
991
10126
565
11092
2926
11317
5802
819
7248
1814
5099
10251
7406
1221
1986
12117
48
2628
8468
10201
8948
12084
11813
6716
6116
2541
6415
11467
877
4883
9496
8766
1453
7021
1801
11667
1152
10211
7369
6592
2856
11359
7666
11807
4415
7837
4233
9502
7296
3633
995
12034
2910
9982
9685
5850
11606
11494
6668
3708
5079
5235
7163
10310
9910
2801
635
6737
10563
2695
9570
2173
8396
9794
467
712
11934
7744
7275
2125
3226
7181
9178
7016
3992
11721
6185
0
428
2096
9242
4885
6898
10816
10583
5690
4361
350
6400
9411
4339
5494
5407
3179
719
3084
9543
10675
4936
8105
8000
2472
8431
7095
10568
6082
10798
11136
6838
6715
748
4932
8151
3961
11102
1084
5359
4866
8071
12203
12026
11117
9321
651
11674
2593
4664
792
9226
5696
6855
7325
1712
5106
1223
4148
11788
3355
1353
1849
10309
2250
7074
4252
7904
4182
5959
131
966
3458
4251
2220
9203
2032
11961
4871
8363
6562
781
8231
4916
8433
5439
7457
1930
1997
10908
8499
11456
2372
897
2271
675
7114
8522
12147
12011
11438
1951
7818
6783
303
5870
10589
10566
2639
10385
234
5907
10195
4005
11806
3801
10359
12115
10590
6151
10663
11888
2838
9275
5831
6296
9329
4674
598
10902
8558
11916
10006
6178
5376
9615
4604
11843
2741
2746
10306
4117
870
3595
8982
9116
192
8797
4691
1371
907
2733
2286
10587
7082
4621
2407
5774
7746
8493
5233
5527
298
6616
7729
1156
11854
8686
6336
7609
8032
10800
10281
970
11447
10793
6664
8508
9097
3681
9923
5837
2108
10896
12276
11687
5034
5658
7486
9171
5771
6349
9897
12088
10842
4317
8946
591
10605
7315
1072
4491
980
7376
4476
12176
3863
6379
2113
11418
6670
12010
628
2478
10707
2719
2456
2669
11510
1138
1406
8923
10104
5779
2913
9136
2284
9517
5461
396
4055
688
4781
6230
8506
6900
11982
75
5986
5914
5297
5441
2848
232
1475
11248
10250
3409
3733
6723
9120
4191
185
9210
2005
11257
11766
7867
4183
3848
949
8859
10721
1504
848
4759
11229
1900
5479
1141
483
5280
504
2742
6338
8050
12283
2595
6938
9732
6851
3960
717
10684
1134
1310
2884
7423
5500
8021
10110
8423
762
278
10330
1208
5412
2021
7476
8584
2608
3554
7029
2389
4394
2423
3006
12130
10127
5930
2939
7791
11054
755
9073
8313
9040
9067
12030
10458
4237
3647
698
11431
1417
11831
7998
5053
9105
10070
4064
5008
2274
2718
6190
8421
8090
6385
12219
6759
5999
1444
12233
4738
411
280
3869
3740
6811
10270
10165
1790
2438
1246
11388
8931
8314
1898
2692
11473
9071
3770
4763
1296
1241
3092
2972
6233
11768
6149
10620
1766
1772
3940
1855
2751
1924
5133
7828
11291
10371
939
7843
4964
10742
5703
7878
4943
375
3089
5340
1837
1958
9881
11365
1431
9346
6542
6504
4735
3873
3932
9553
10741
4565
11541
4152
10641
8150
4018
5070
6371
6254
434
1499
3207
1908
257
8748
5144
10053
863
5261
9640
2874
5016
11245
5452
8275
4070
4039
1846
11461
8237
11266
1394
10373
11558
1408
2762
8389
8819
8372
11965
7502
6100
1515
9579
1972
11262
611
5586
2772
11196
10765
9979
10345
9006
372
10857
5372
9705
6361
3418
7209
8339
3658
8486
7384
5686
6132
10146
7394
11609
5026
3985
518
6111
1426
685
5005
7287
2996
8285
9268
9163
8399
1064
10157
10182
5434
8467
5373
11683
2853
780
7953
599
11654
10962
4107
2450
8479
8513
514
1132
11190
5391
2883
2796
1910
11525
9778
7205
10234
4078
1991
1117
1356
3868
8491
10567
8266
2212
9031
926
4243
477
554
6538
6815
10897
2592
2114
10759
2697
1438
2307
10069
5056
12173
3115
796
4774
479
6649
5031
2217
3975
5629
8555
9672
633
4279
3493
4154
3546
3239
4532
10095
3919
3802
8484
5477
2876
1915
8692
12278
6249
11675
2234
2694
8710
10652
10743
9670
1703
4933
11741
11234
1328
2082
8472
3236
7945
3170
9289
758
264
9344
2647
6986
6049
1612
1332
6148
1686
12257
10341
6481
155
4202
5589
11801
9589
3186
4194
11304
5548
10760
2811
8495
2924
12044
1610
2944
2557
5236
4646
1446
2420
7263
3440
6344
11309
4650
10757
1506
7701
11380
5657
2132
6086
8888
4716
8197
7004
2436
5827
2385
1554
5493
7555
8939
10522
8080
6470
11951
1209
2650
7483
7997
363
5992
7062
9875
3275
4948
5224
9537
1853
6031
3771
11988
2658
6785
7419
1721
3361
7635
2323
51
1566
390
8481
7431
11444
1398
8994
8971
5699
3813
10400
1688
11671
6572
1081
9455
7118
5146
8747
8093
4829
8722
4052
3677
624
11026
4989
687
435
4273
3792
10445
1627
3085
4303
11310
8087
1264
9218
1308
4226
3450
6478
2276
3822
300
3948
2418
9165
1511
10667
12246
12215
9903
747
4608
6769
12078
6321
10318
9864
7935
1082
8924
3809
2283
925
7233
6268
427
11858
7173
6021
9587
3488
7235
5498
9472
12199
8835
290
7033
5839
171
11003
2236
8302
8081
3635
2410
9039
9297
2643
816
3636
8351
11958
5808
1386
1808
1804
11956
12196
7642
843
6546
6065
3325
4340
2373
8124
7135
3185
9205
6172
920
1763
3379
2776
2322
2668
8631
8507
2269
3041
11236
639
11786
10321
9126
535
495
9874
3783
4012
1160
1011
3776
5248
825
2914
8168
2427
12053
3851
2460
3090
11097
6171
9894
11433
1901
4293
6097
10603
12198
11701
9478
8652
4498
11597
10421
8793
5380
1925
1462
10914
12127
7274
11501
1634
11949
12020
4270
8282
8131
2218
888
1349
9775
3410
9294
1348
983
10717
10258
109
8164
17
6733
10782
893
7179
2277
9933
9977
9514
11648
10815
10376
3503
11233
10691
9020
616
11120
10598
10806
10089
10716
5840
10558
4818
7320
12150
11146
10883
6943
3612
3156
7698
7559
5015
1372
8814
3797
11037
6826
6935
6363
9145
6806
7731
668
935
10475
6860
11464
1396
3993
6772
10173
645
8718
6975
11126
2007
2886
6623
4069
1883
296
2451
6901
10891
12207
3727
10890
3435
4959
289
3587
6025
7298
8342
2973
8440
124
6680
3615
6227
4981
1691
9086
11193
7552
12001
3714
2024
12080
5781
10300
8920
629
1644
3125
6500
259
5550
7343
2626
7218
10455
4008
7432
11096
4254
8868
9607
500
12240
6994
4249
3583
68
343
2292
2150
10943
5714
12019
7444
6939
5544
7636
11723
4405
7289
1147
9580
11181
8876
11046
3044
610
737
9909
4834
4596
9094
4442
11414
10735
1448
6262
5265
1324
10808
5184
5955
2402
10648
2176
1872
3498
2610
4550
7357
7031
10311
3205
7893
8320
6837
3565
8965
447
1582
11516
6873
1344
2920
3837
3068
7971
8123
11064
5306
8937
2563
10463
5943
8267
3308
10342
3585
4663
1572
11646
8369
8552
10019
9681
8855
7760
3495
11118
4496
9101
5158
4859
5173
11977
7198
911
5547
6085
10304
9422
10947
8626
3683
1210
8018
5800
914
4955
7920
4509
1656
7667
1019
7675
6341
9061
12038
2381
10079
11413
6981
9444
8689
10924
2717
5528
3340
6164
4417
1888
3915
3858
4325
5151
4314
9486
9802
9728
10030
3548
5613
1334
5488
8161
5591
2868
2147
2556
7689
398
9720
3552
10196
1970
8375
8560
3749
9387
4501
8853
2953
1926
5381
12232
4328
8329
1674
11600
746
7253
4950
10766
10497
11492
10384
2782
1547
8783
9382
9932
4286
2859
968
6868
12180
3114
8257
3151
8214
5569
10189
5772
6703
10448
11543
8379
11024
3827
7229
10919
1956
6879
10701
5614
7556
9290
1798
1164
8083
7479
3995
11927
9538
8253
10791
10
1139
1178
6828
4935
11271
2093
6554
10139
5566
9255
2932
2702
4962
1362
9182
5018
11061
8348
5880
5085
10794
9389
3655
4910
2901
1258
5773
1000
2585
8702
8219
3616
1549
10002
11720
6647
1711
11921
3520
3087
2016
784
7089
3722
3862
1424
188
1690
2367
2465
4985
2945
6483
4121
6688
4375
9373
129
10821
3581
9399
9176
9491
9586
6302
2248
838
5155
2706
9199
7573
8046
1447
11834
8449
5722
4973
6288
9238
7980
3804
1404
5675
1189
6727
10980
8745
12047
8596
2211
11508
4255
11449
11984
7195
11603
8895
5575
6113
8234
1434
1368
1963
11420
10576
6137
5570
918
6062
8143
3107
7888
4105
11950
8755
12005
560
9684
12153
3561
12170
4625
1200
12079
8480
7756
1336
963
3048
3262
10672
1217
10693
5145
3720
399
1672
2806
11696
24
2179
5191
1158
8881
4163
7886
7130
790
5636
208
3531
5797
3183
9651
4379
6577
9160
3177
10685
97
9227
27
891
10073
7670
6468
6856
5849
8047
4451
3817
8299
910
11989
10733
2094
4882
9175
3216
6477
11219
8803
871
7739
1771
7424
6942
3772
5958
12014
512
10494
5454
6713
1486
7025
6397
6923
1639
726
10945
3912
5415
6010
11325
11134
7028
8998
209
1387
6659
10720
4773
894
453
8462
10618
10748
1054
11222
8465
855
8535
12133
2342
3432
4315
2345
3694
11607
5724
464
10831
2880
2686
3745
3682
10780
11582
11952
135
11112
4352
6607
6795
10734
9733
8367
4272
2195
3941
8830
1492
8660
8721
9334
776
9632
5763
9298
7803
2992
1031
10026
2818
558
3534
101
5213
203
9077
7333
9189
1410
6252
520
2368
9583
10489
5491
9190
5188
3354
8834
10425
3603
3016
4009
5318
3686
8802
184
11379
1995
1663
7686
5036
9338
224
3437
7435
12208
8101
11113
10537
8141
11955
4109
33
10012
1142
6173
11466
2734
1177
700
1226
11836
6278
6731
11939
6261
5003
4967
5059
1455
167
9211
5780
1890
4963
7162
485
5628
5523
2877
4385
5972
729
450
8676
6903
9448
3135
2872
2139
5674
5383
8970
10433
2295
8501
6928
2735
7994
11918
7908
9662
4274
6854
2183
128
9174
3855
10125
6213
182
8041
403
9155
634
5128
11537
9673
1630
5416
8646
12070
11155
7492
6269
3210
1145
460
10965
9746
11754
8916
6459
11785
3360
959
2287
6979
5417
2526
11657
10324
1377
7774
8780
2527
10366
3609
18
3701
1570
7361
6530
5826
9215
11477
4861
578
7758
10872
1655
10740
12271
10162
3670
5769
10411
3377
46
5320
5887
1903
8877
11430
4615
5111
1184
6999
10544
5996
4534
6295
7535
8003
482
9459
3148
11936
10646
2590
4698
1770
2968
1941
11394
11775
2431
5062
1917
9841
6867
7453
7574
7582
4324
3453
2906
3597
1045
12082
417
10315
5814
7664
8871
11459
7711
142
4505
6448
9921
6395
8523
4659
10138
8539
12051
9267
9219
2793
10274
10828
10239
10649
9026
6017
7755
835
10705
3930
10729
8459
6533
7039
7256
10144
5409
1451
10686
972
3556
9325
4486
8057
231
9649
2305
6909
10683
7807
10068
3805
9368
1053
8437
3816
4400
8890
7616
3465
9806
7297
12067
8991
2258
3328
9192
8865
5762
5924
8172
6959
1996
9009
15
8106
4679
9696
3717
5164
1370
11263
6127
6872
7409
6201
9546
1695
11015
9033
4355
242
4879
5221
5682
11567
11109
6611
4803
4873
11091
831
2987
4425
5929
941
9415
1667
9731
6679
1234
7919
846
11070
2224
1290
5770
10000
2455
4682
12042
11860
720
3254
7239
3818
6961
728
2421
6744
1058
9591
8922
6632
4878
3571
593
9220
2165
4395
5778
4010
2384
10101
6
1880
492
691
9341
5134
2630
8715
6280
6821
8714
2948
4267
11804
5791
1950
6869
1838
556
1273
953
1876
8794
2786
9135
567
4424
6260
9529
3864
6012
3074
5597
852
3123
854
10706
2346
11572
11653
557
1896
3706
9291
12072
4876
976
10988
85
7387
4752
8629
2523
2808
11724
12096
5502
8115
345
7087
10061
1032
12124
8293
8510
5465
10528
9117
1047
9141
11264
6941
444
3277
11130
9113
4329
11505
6804
7902
284
3653
4860
8307
9010
6965
5243
9028
9428
5890
1530
1085
9558
11139
4548
10768
9466
10673
11315
9915
6018
1586
5828
10863
385
5076
11702
266
233
3288
2019
4734
8262
9883
11294
10241
10212
718
2708
7222
7180
7766
6206
7948
5666
8672
3466
9902
1378
552
11107
11214
4037
5664
3182
2221
589
2390
6704
1390
8719
3904
12091
72
3297
10495
11355
8760
3331
11133
1229
10329
5295
3169
1166
4753
10237
1086
8975
902
10745
4029
1355
2166
1748
6627
1874
2222
11578
4851
3102
8077
9461
3124
5587
11548
10718
3659
9222
8530
1395
789
9184
4076
7314
8594
2792
3464
9236
3442
273
119
5459
8494
2130
2255
7312
2873
538
3908
5063
12031
4493
4938
5697
6222
376
1120
3871
5758
8854
2775
12158
680
2709
3260
12056
3754
5786
1263
6263
6345
8908
7138
5466
254
8804
4671
9109
4111
7557
137
1709
7702
10202
6068
4575
12074
1076
2553
3934
7648
3003
5535
4073
1857
10769
7036
11270
5552
6509
4957
10476
1361
12059
4513
11689
4290
6167
10439
5721
5172
8511
4374
451
2600
8786
8163
10737
7302
4503
7707
2938
9804
11639
9560
2754
3296
7411
1844
8737
11901
3424
7737
5390
2943
2756
5558
11507
3040
4238
11156
9656
431
12279
7182
8385
812
4332
1365
2189
1300
6884
12223
8514
7372
679
11750
11629
528
5625
5291
5209
9277
6907
6374
4465
1776
9016
7433
433
8550
12275
2149
10886
7700
9764
7077
4518
7857
3224
9396
4301
12041
11967
5601
10957
3217
5205
5965
5174
595
3137
8179
251
4239
9677
11209
5251
6576
10107
9748
7748
7724
10941
4376
11174
3684
11573
7562
9535
4206
6121
412
3146
2677
4082
9862
8743
2866
9143
7202
1682
5925
11439
715
12249
8254
3937
8595
6324
7858
3619
2667
3577
11509
9938
4733
6334
11035
1379
4820
6460
1626
3333
8907
7565
2698
6846
1357
9929
3059
1325
11401
3958
10659
11685
9678
11399
8929
9680
6746
10356
6848
8408
11917
7156
4135
2110
2031
8182
9997
3826
10156
2864
356
4319
2576
8841
1599
8422
7420
5189
11791
7877
10999
3977
1094
11847
1060
6445
4097
7211
7987
8085
1730
617
9064
11684
486
11565
9435
5379
4471
4613
8725
60
347
9032
6076
5094
5616
8926
6284
9506
5071
8767
4440
5854
3067
5398
7866
267
1726
5536
7482
8856
5841
1374
3079
6455
441
1722
6081
2461
8791
5627
7841
1066
7242
11215
10830
10971
5103
2727
10730
10028
11740
5029
7657
10259
8912
1895
5812
5153
8436
8370
11316
5739
1559
2298
11892
7488
9462
11066
9504
2226
11913
5585
3314
7398
9015
2488
11857
1339
9761
5717
5250
11719
10355
3413
5835
12125
11800
3332
12058
4177
8818
8189
2711
1008
3088
5042
4549
6004
6628
3393
5654
4446
1207
10379
3617
8862
10289
2335
1936
1758
3219
2473
7891
1102
239
1815
11057
9407
3071
2998
1601
9296
1034
9721
11253
4809
9628
7629
2833
9216
1647
8276
3414
2940
2820
4779
1399
1786
3452
6818
2714
10238
354
9568
6683
1104
6917
8872
3081
3989
4479
2127
11135
11700
3543
9518
5402
2802
11617
8967
8763
1615
7536
8463
7847
9694
8368
6209
643
83
4607
7805
9011
5707
2137
1266
4263
11072
695
4200
10082
3208
12221
965
580
8655
5564
3741
10991
3839
1621
12179
9367
352
3149
8194
2327
2625
4264
8836
4346
9265
65
2000
3026
10969
1828
2010
11944
9759
7307
5436
3196
3962
10398
4387
6013
8688
2784
6461
1489
1303
4155
2134
8398
2398
842
11375
4007
6752
157
7500
3032
4564
11205
2330
1316
4717
4212
6060
2688
7313
8843
1921
9172
5692
12212
1186
5283
1028
7604
2975
9393
11272
11293
9691
6707
9058
3644
12285
10552
2984
5560
3294
4333
4020
9000
11722
11911
10799
10474
217
5516
9381
7153
1277
11122
5922
2040
3165
6224
3562
7041
8490
7515
9370
10960
9063
2724
10142
8456
2449
5068
9162
7115
367
6827
1478
9503
7910
1651
6241
8987
9284
7185
5401
5688
2364
5904
1012
6294
6307
8746
6883
6436
2715
11896
8927
1484
7989
3201
8813
10594
2215
7342
2594
1687
11169
3004
11013
6311
2006
1742
7269
5529
3625
1681
7990
10801
5741
7704
1947
1875
2442
7924
502
1578
5137
1650
9690
6604
6289
9409
6083
6599
5411
4703
8259
5862
3530
9682
10871
766
11303
2617
2296
3155
6949
7909
5760
6277
8910
2117
3810
6692
7896
2841
11398
12048
11979
154
10608
2425
12280
1004
5050
4142
4386
6237
4487
10424
4895
9530
461
1284
4062
5269
11855
5321
3576
6098
2890
12244
6343
2881
2869
2752
4719
7852
8401
11504
9931
9626
7615
3607
9766
8889
10390
8438
985
8306
9710
3398
5815
670
3353
4701
5676
9286
10003
3575
10174
297
9906
2052
1583
9204
6521
8884
2044
4490
1033
8015
11349
2983
4296
7764
7874
11692
6539
3391
1642
12217
602
158
2046
9998
9257
4495
981
3987
2935
3150
10255
299
3055
2103
2508
10071
1501
10613
5752
8044
8728
11406
7395
9193
6580
1746
4480
55
6099
8805
7123
6774
10833
6673
10299
82
5035
4042
9366
11693
4253
9595
6195
9810
6291
12168
10777
10559
4428
32
3852
4975
4993
4384
6114
1937
2023
613
387
7038
6675
9065
11596
3874
1439
3082
11165
2177
10508
11620
1311
4892
8155
7430
3352
9631
6129
3422
8733
7240
830
8699
7747
4836
11815
9096
9541
10557
3944
7353
8762
10370
351
4760
2518
10955
10699
11006
915
5700
173
8039
3461
6402
11178
8200
7719
8383
6989
647
2235
4587
7584
750
12292
2807
8384
6829
11614
12093
9363
7553
2048
10912
6312
4588
666
12155
6441
6585
7441
6387
5347
7316
2111
1845
3494
5596
11453
8708
2485
9042
5421
6511
445
8181
4449
6684
7260
3483
9081
6834
10272
5851
1124
11213
8904
3293
1271
12237
5834
4944
1609
8863
6493
7973
1894
3289
11738
6652
10879
11437
10662
3835
7786
5028
1685
315
6007
8135
582
5052
908
10888
6103
5277
7688
12123
11232
12247
11531
4388
6381
1159
8742
4510
12253
1302
2069
9258
10185
10172
5853
7100
2256
11273
7
10867
4462
5010
6186
9559
11746
2502
4308
4999
175
5139
3047
5567
6286
3642
6741
8240
3781
3144
9987
1125
11856
7970
2599
8328
1877
6454
7152
9879
9355
10775
11959
2099
661
3527
2309
11503
7882
1046
10083
2058
6404
9625
7752
841
7402
10271
3775
466
1119
6265
5427
9665
286
3213
2832
3167
1867
7290
5286
10029
8471
7714
3966
47
11008
333
6634
11340
9928
4690
1638
9950
11252
6153
730
2320
11728
5615
958
487
6255
9263
4618
11171
1569
10488
1289
6608
11517
3152
4536
4209
9988
4403
5395
1940
6929
8866
9850
2705
2701
8620
10529
4311
9724
1255
7063
2312
9597
4831
601
7169
6210
795
8532
3909
149
10249
9214
9082
2290
8166
9940
8801
11058
6930
88
1718
6248
7922
5751
5241
9654
11424
4576
4115
10387
8412
11493
5764
8229
8086
9531
3320
757
7509
470
4112
3777
144
8171
12157
3954
8647
4044
8502
213
5577
4990
788
9452
1528
6389
9796
7477
5193
8063
7190
8847
2731
5091
1743
263
6144
5508
8678
11875
10363
2937
11476
422
5369
4336
1538
8416
2391
7425
11823
2763
1222
3187
6357
2025
4586
7610
1022
6168
1327
1170
5126
4222
525
11755
6350
2157
8067
9675
8001
10402
1437
9964
2288
11524
104
62
859
5885
4306
3794
2532
6957
8542
379
5521
2349
7027
11981
3828
4569
11007
5418
6071
2861
1605
5013
3334
7554
626
5196
8088
10635
7655
8636
6644
7654
2882
10265
1077
11123
3161
6690
1175
9526
4824
11021
4637
10694
10078
11025
2659
9046
10328
1322
1418
10282
2977
6315
8724
419
10732
10264
4075
5594
11885
11787
954
8304
8638
9383
649
1061
10692
1500
8851
10109
1416
5176
8784
10005
4699
2463
5160
7249
7440
7775
1544
2849
140
11894
3533
9585
5875
9819
6270
7718
10680
12205
11487
29
5518
6631
4092
4723
7254
5626
9188
1525
12086
5643
6987
4746
2656
11202
3358
805
3299
11207
8232
5672
4365
2204
11932
6544
6732
1733
4922
994
2042
1581
11485
3542
1456
4526
2196
5630
12225
2297
6866
3505
9251
11632
4276
4808
6247
11302
255
235
1918
2767
3606
11255
818
7996
472
4630
9516
9730
10600
1140
4287
4595
9709
2860
3836
1278
5457
2138
1823
4642
1922
5293
10451
8547
10731
12077
9408
12138
2798
2764
7393
2836
11000
5734
2088
11727
3897
12063
7580
5716
7154
542
1276
1197
6340
10856
3245
8649
6820
10050
10431
6333
7633
2980
4819
6174
10301
3925
9949
10021
3849
1075
5917
4524
5580
8204
8821
6950
9955
7067
4912
3896
5177
2690
3662
8426
4946
5231
3455
11581
2569
11157
215
7299
6588
11364
8515
7880
1948
133
9050
6516
4953
6701
4159
7362
4697
10323
8230
5247
5298
7722
6784
3286
10548
5260
7727
10442
12036
11323
8792
6375
2959
701
7663
6063
16
9986
1520
4899
537
437
10503
11820
3881
4275
11994
9745
10710
1935
7968
2936
11436
1050
4464
6813
7801
992
2434
1230
4184
6743
6802
11575
4015
247
7518
3622
4001
475
5832
6719
7165
3640
1272
2033
3800
11615
4409
3709
6489
10858
4844
8837
7377
10426
12116
7776
12222
2129
6565
11519
6061
798
1861
9905
6561
2084
7842
5414
183
4847
9378
12192
10849
4006
7975
446
10549
1662
11852
4216
631
4342
1516
5406
6810
4003
10664
4594
1176
11366
11760
7365
6329
11706
11551
1961
12293
4456
12060
10354
7257
2144
1232
1180
4278
11374
3982
4068
7656
4772
7060
8474
5766
4136
2350
12274
5268
3101
11360
3778
5891
8833
6053
8052
325
6384
6423
176
6327
3604
5608
2542
5632
1299
10046
7129
8140
6425
8268
4762
2152
474
9433
3428
9161
1472
3492
1865
462
11238
4087
8751
760
10952
8723
125
11068
8945
5668
5588
3544
2646
3588
2105
12111
2504
7599
11763
2049
10592
6523
9124
10889
10746
3997
9278
6936
7489
699
6502
2077
9306
5845
11080
357
9878
1629
2205
6084
1481
2907
3278
9638
7127
11258
1916
5183
4137
6529
3943
9847
8592
10573
3405
6749
3263
1403
6216
7399
2791
8732
6143
11796
3425
8244
7311
4837
5543
3166
657
5639
2493
7631
11427
6598
7624
4469
8861
10416
11335
10615
10056
11844
8443
11256
8963
6757
4114
9477
9959
1725
3482
4709
4718
10457
5926
1352
12202
8968
12286
12055
4373
7413
6905
11703
7478
3057
1761
8102
7373
4918
10995
692
497
7531
9895
5112
11350
11250
6220
5604
9872
8914
10505
12151
6479
6636
5315
2078
12105
9027
9446
821
9045
5336
9763
3825
7779
3220
317
4283
10147
1143
2522
641
3887
7286
3641
767
1788
887
3579
727
10848
1840
1793
1174
1470
3195
9784
7826
6112
2512
8979
8192
260
1787
11846
3335
9342
4696
2546
2810
11004
6845
7676
138
12145
851
9445
9838
8664
10018
2300
8017
2552
1979
5113
6711
5408
5345
931
11769
3516
12234
11041
3712
5805
3551
10819
8292
4853
8289
4354
12268
10772
5912
6380
11297
9912
10044
5272
2018
12085
3637
11682
7070
1460
3020
546
3947
2447
494
11828
3766
1724
5934
7241
11964
6932
6217
2061
5392
814
8435
11217
2580
11649
3009
5021
127
2974
1038
3842
527
8585
615
11011
10408
875
1441
6916
7942
9598
8218
10696
1791
1023
7571
2160
4815
1623
10892
4782
1363
4378
3402
1820
6590
9550
10797
6946
9658
6556
906
1279
8321
516
4196
11602
10606
711
7859
2126
11043
1257
11197
4755
8373
2027
322
4228
5927
7281
3419
5759
9420
5991
656
10151
11694
3803
8176
11333
11714
9093
743
3176
2109
3093
11574
6953
5469
5314
898
9652
5214
12006
5957
8323
8604
11794
10922
6398
11093
2175
9695
571
11100
5001
11221
12137
10959
70
7450
7288
6258
11274
5152
8489
2156
8662
2161
11587
8152
2187
534
11141
10041
1307
2761
3142
6159
4952
5428
8726
1330
9492
7404
2835
10881
1957
686
8296
8349
4796
6766
11372
282
10016
3106
11528
9330
7155
614
662
4013
12258
1755
937
1813
9022
10612
10569
2645
2747
1698
2393
12064
7517
9799
212
2467
7959
8265
10900
10213
1955
2819
2773
9494
1251
11891
9248
1835
1014
3473
6603
3173
4937
2362
5638
1345
10167
7793
10152
3767
11370
6971
1524
5086
5227
7436
9687
4468
10227
10990
1641
3735
10052
4330
353
10925
10629
3795
1007
4535
2855
198
681
4165
11284
10937
3814
1864
3269
9288
2564
828
5090
1432
1514
4024
10377
7192
3568
5222
7494
10168
9599
7291
11604
6498
3118
7215
7462
6722
2241
11319
5892
2605
6474
2471
7506
5102
8983
1476
6660
11204
8133
9807
3812
6346
11789
7151
8103
11301
3373
6738
4609
11890
1350
1866
6773
11391
9780
7359
9704
12140
2261
6122
8359
9076
7465
111
756
5216
10621
12165
3999
2188
6225
44
10266
7006
11827
7319
689
7809
190
481
2534
10719
978
1969
4437
11497
8809
8899
7603
3974
12052
9954
199
11267
10702
424
791
5941
820
39
6780
12032
11490
4413
7273
6643
4711
2785
4470
6070
8147
4475
1745
7745
6736
5413
8517
9712
1098
6501
4174
11877
8696
3737
8627
4390
7960
9493
11514
9566
2951
6072
1136
2435
7401
9798
4810
11022
12
5129
9331
9706
759
3443
10223
5228
281
4101
9697
10233
6435
8575
11278
11542
8430
11929
2457
4816
9352
10541
2388
1337
2428
373
10184
1185
10813
9887
7339
4508
12227
5141
7895
5847
6026
3141
5511
7872
7442
4597
11942
8378
7501
10257
1420
9285
12081
6985
5462
3368
3274
3163
11665
12175
5332
4507
7245
6447
4241
12024
5232
9619
2964
6817
2840
6181
9643
4019
6424
3232
10072
1982
8100
291
10637
8883
9753
7119
12109
6527
928
9966
5249
9582
2378
7912
9866
4756
4653
8852
9916
11307
9319
7265
118
5818
114
10159
9249
11425
1666
2826
3746
7305
829
4914
10936
11686
8787
9270
8153
3234
3538
4954
1321
9853
1575
11337
6244
12213
10911
5612
12163
10200
11385
1293
4589
1419
6755
4382
8796
4334
709
9765
9173
4768
4047
6257
7378
3866
10564
7533
10023
4175
6283
2151
3172
2506
1535
8406
9851
10726
355
12118
7276
1040
6485
977
5114
3077
2414
4217
1959
8397
7139
9824
2063
5319
10051
5150
6874
9311
7023
5054
7851
4527
4130
11708
7638
172
7881
7873
4783
6518
650
2267
7539
2225
9014
4804
4823
3952
579
10331
11867
4473
4832
9458
8007
6427
5219
10754
1555
113
7940
10435
4459
5258
543
7913
463
11104
1752
9816
8561
1503
3051
11883
8190
454
3015
9225
11644
2495
11144
1052
4050
3441
10916
7915
10160
2268
8377
8693
6771
3509
6320
3396
7578
10348
1015
3094
7434
5355
30
5366
10704
4724
1551
5081
1435
2107
7414
919
11330
9185
6095
9451
1587
7496
7519
4268
8074
3924
7525
2824
10414
425
8537
9610
9836
7544
9127
4195
3821
7364
6272
3463
8700
6240
2904
8695
586
8774
2952
11496
8427
1749
6553
10880
6573
1381
1561
4313
9157
6712
1193
10542
7358
8589
9592
8705
261
6613
6776
8873
5048
5022
59
3676
6739
5179
1811
6578
11863
12204
1340
5122
8928
7270
6109
5194
3504
8597
2631
10164
6430
3042
11579
9401
10904
11312
7900
1458
11220
5685
4631
8162
11445
12062
3702
7725
5206
2412
2674
10226
3753
1830
11047
6600
4099
1783
3724
3098
2416
1795
11973
7530
2243
7230
9281
1889
529
58
10787
5264
5473
2348
7672
3519
2900
1868
6032
2182
7101
3322
4214
3468
7991
2314
8117
11966
6456
6432
9740
1219
6142
163
11591
7246
4439
8858
10917
10121
61
4825
8911
6118
4351
5169
10953
5667
9727
1584
7390
9460
5011
4045
9240
12121
11902
9865
3931
2066
9221
7709
967
6245
1668
66
9762
11851
6130
3723
11527
11605
6694
7947
3736
4881
9002
6091
5946
10779
10253
3221
1595
9655
6326
4211
775
4231
7560
8727
5634
12112
10751
1493
6162
7421
8448
2889
8622
7522
9918
3914
7191
6658
6911
1201
7783
5568
570
3193
6653
8346
1190
8084
6513
3990
6000
7601
10515
11560
4244
4225
7753
9509
2745
3491
4540
2357
583
4452
10619
2419
287
6490
3261
8400
697
7103
8297
6799
12152
8661
694
6069
2011
6437
8674
3884
7728
2759
517
2328
9318
630
10464
10997
5105
7208
8896
3273
5952
3691
1836
6131
5065
1429
11960
3705
574
12134
3599
4377
7669
222
9995
7050
10063
1873
3279
3593
221
5888
7388
6958
10506
9809
10860
5327
511
11052
10325
7952
156
6706
2521
7992
9299
10135
10136
6446
9005
6700
1983
4570
3203
9153
7471
10519
10482
7176
1906
8271
7564
11491
553
12193
5060
8543
10035
4547
9499
73
8960
334
3330
4179
9060
8826
4502
5787
1474
10039
7626
1030
3200
340
67
7537
4982
11681
6816
4880
2273
11254
3570
823
4673
6751
11231
3669
11338
10025
1083
10225
5309
7268
6041
1323
6218
9812
3257
11462
9882
11752
1509
5210
6770
803
11506
2712
4842
1482
3318
2230
1636
120
1502
7144
7231
10764
5083
8076
4949
5908
10190
244
5159
4800
11201
533
4014
612
191
11736
2395
3905
3979
12284
11277
6797
5230
4033
5371
4852
9848
1989
4411
4036
11472
12169
74
1080
8048
4980
4247
4681
9129
2441
7905
10240
7367
8579
3808
9470
11762
10501
1625
7853
1622
6189
11790
10317
3623
10360
6204
7917
7894
6720
2262
265
1188
10749
900
10560
1571
8707
3389
7437
2405
6211
2567
3913
12012
4934
3549
4482
6372
6140
2067
3651
8120
4167
5084
11480
1483
7600
11586
1540
11647
10232
4426
4407
7594
8677
3371
2981
3451
10042
1705
3515
6359
6093
9233
12004
9975
10077
5365
8079
11704
5308
5370
913
6597
9846
7677
8828
5329
7456
4472
752
8247
619
180
10609
11969
1573
1557
8180
8291
4151
93
2128
5448
1597
4736
508
8482
3991
6405
11906
408
8556
7787
10254
12241
3029
8817
78
8255
7474
10047
195
4694
1107
1115
9715
903
6787
732
9043
6974
9384
989
9246
9948
3252
7835
12182
1964
249
10834
7690
392
5055
7932
9717
10218
6019
4888
10523
3838
4600
10579
8538
6947
11085
6452
11089
11898
11943
10367
7742
2555
3429
8185
8902
7957
5978
10580
6373
2306
3956
2627
6297
6937
11809
519
92
8488
6464
4886
3130
10905
2804
5736
11227
10966
2635
10713
5474
11822
9414
2079
11281
4639
9767
307
1079
7836
1834
6552
11086
10320
2280
1943
8160
2954
11534
2710
2813
9957
563
11922
4700
10248
4689
3654
7963
10807
4909
8606
8121
5119
5783
2982
6279
10462
11690
9154
7068
4102
9489
11403
28
8738
951
11402
9259
927
10154
3105
9078
10484
1385
237
11743
2294
4641
7608
8950
1122
11972
1409
5323
9620
5903
11814
5223
8344
12141
10668
7974
3292
6480
388
4992
6292
9012
7806
9170
11803
506
8496
2636
10180
10446
5274
7789
11346
11799
7751
1010
452
7813
11392
11818
7840
9671
4398
6014
4668
8461
294
4560
11082
1313
6442
10979
10468
7088
8460
3086
7493
3315
6906
8371
8562
4025
2623
8984
7049
693
9469
6591
4744
4204
5895
9790
2591
4784
10853
11452
4192
3748
5316
4205
3711
2589
3023
5445
5641
8867
3996
7576
9840
2780
10870
6767
5425
11668
8315
8033
11677
6645
10976
4197
3663
6323
1809
11145
5299
1633
3147
12166
9327
11812
11055
896
10531
10210
11020
8415
2332
9256
3695
3474
148
3384
2800
1215
9551
8730
10996
7337
9133
9944
8208
7532
10970
8962
8078
1466
8990
1775
4220
11645
1701
4085
5683
9624
11732
6391
9515
7569
12139
8932
4726
7561
10261
8374
3955
1459
4443
2897
8525
9292
11817
1155
2919
2198
10088
5386
10665
6059
2634
204
5970
4940
7759
3227
3834
6505
7010
559
6386
9402
4678
4539
6117
3021
10661
6352
2422
8006
9169
5078
7057
11367
169
11465
2803
2548
2505
1364
9416
8337
7310
9603
3460
3027
10638
3689
2190
5631
7691
9630
5882
4171
8608
5811
7098
10738
7817
10623
7964
277
12184
6669
11571
8005
6593
12113
7226
3119
7750
1728
12236
2670
765
9350
8250
9309
7949
9616
11945
11194
9144
12259
549
10158
2210
3005
6524
5953
7168
5317
5995
4023
7066
2822
4410
6728
2072
4566
7227
6048
9305
10868
2279
6087
7736
5140
7630
8683
8822
4190
9345
1020
770
9410
5510
8242
8273
6656
5695
3900
12248
6662
4693
9699
1645
4715
6877
3319
3454
4670
5307
8064
5030
2961
3618
11450
4966
2644
1100
2687
4345
9839
572
8574
8019
7585
11672
771
2206
5913
8419
7649
2707
10236
3459
7652
3284
3202
11585
2363
2679
9224
8993
5346
12264
6726
3879
6110
4683
7901
1631
5617
7480
10610
327
10420
7472
5599
10149
2867
245
5662
7916
4692
6362
2640
1013
3601
12035
8731
10045
7705
3095
10216
6431
10498
4971
11040
7976
12009
4806
3472
2511
6412
89
10521
4188
10260
3073
2744
4141
9474
7244
1238
2611
11225
2607
4430
11663
9777
6559
3218
9091
6367
3300
12046
10789
4122
9941
3875
6933
4089
49
105
2666
3188
1654
3630
10450
10651
8245
12206
10128
3721
7051
4658
1105
7923
11404
7526
5679
11059
8325
10585
2558
2638
1380
6418
1496
1567
5484
6993
4318
12288
11612
9374
4603
9479
11336
8332
6862
5650
9272
11659
10358
6219
10556
1518
420
740
5969
3983
9992
2781
1891
9053
7944
8673
2041
7782
8973
9208
7641
797
10186
4104
6983
5074
12087
1850
1318
6024
4706
10894
7547
562
9483
10054
8617
11083
11495
1670
5738
1461
11566
2516
982
429
12277
5988
9711
5262
8846
12167
12128
9471
10471
6444
5743
9990
7350
1884
6886
936
3918
10103
11556
5956
3843
987
1507
8919
8434
4
5821
9911
3972
9130
6123
5846
1428
4556
1665
3184
10817
2338
1099
11830
4304
5605
9861
10602
7671
5519
2487
3566
749